// ArmourCase
armourcase,27392,27388,27390,27394,27400,27396,27398,27402,27408,27404,27406,27410,23785,23787,23789,9945,9946,9944,10862,10863,10864,10865,10061,10063,10057,10059,10065,10067,10053,10055,26517,25013,24395,4071,25165,4069,4070,11893,4072,25163,4506,25169,4504,4505,11894,4507,25167,4511,25174,4509,4510,11895,4512,25171,4068,4503,4508,11896,11897,11898,11899,11900,11901,19689,19693,19691,19695,19697,20838,20840,20842,20844,20846,13317,13318,13319,24034,24037,24040,24043,24046,13646,13642,13643,13640,13644,11990,27414,4302,4298,4300,4308,4310,4304,4306,24201,24192,24195,24204,12639,12637,24198,12638,19687,10051,10049,10047,10039,10037,10035,10045,10043,10041,24419,24420,24421,22326,22327,22328,10941,10939,10940,10933,27226,27229,27232,27235,27238,27241,21343,21345,21392,29280,29283,29286,29289,1506,6065,6067,6069,6068,6070,21298,21301,21304,23101,23097,23095,23091,23093,23099,10548,10551,10553,10547,10550,10552,10549,10555,12013,12014,12015,12016,25549,25551,25553,25555,6128,6129,6130,6151,6145,5554,5553,5556,5555,5557,26427,26430,26433,26436,26439,26442,26445,26448,26451,26454,26457,26460,13359,13361,13360,13357,13358,13364,13366,13365,13362,13363,13369,13371,13370,13367,13368,13374,13376,13375,13372,13373,13379,13381,13380,13377,13378,6326,6322,6328,6324,6330,6131,6133,6135,6149,6143,9005,9006,28672,28933,28936,28939,24219,5574,5575,5576,9672,9674,9676,25028,25031,25034,25037,25016,25019,25022,25025,25001,25004,25007,25010,6335,6337,6339,24405,24407,24409,24411,24397,24399,24401,24403,24387,24389,24391,24393,8839,8840,8842,26463,26465,26467,13072,13073,26469,26471,11663,26473,11665,26477,11664,26475,24676,24678,24680,6623,6617,6627,6625,6629,6619,6633,13385,13387,13389

// SpiceRack
spicerack,7487,7486,7485,7484,7483,7482,7481,7480,7495,7494,7493,7492,7491,7490,7489,7488

// CapeRack
caperack,13070,19476,13069,9773,9771,9772,9749,9747,9748,21439,9791,9789,9790,9803,9801,9802,9782,9780,9781,9755,9753,9754,9812,9810,9811,6570,9806,9804,9805,9800,9798,9799,9785,9783,9784,23859,9776,9774,9775,9770,9768,9769,9950,9948,9949,27257,27259,27261,27263,27265,21295,1052,2413,21793,2412,21791,2414,21795,9764,9762,9763,13281,13280,20764,20760,13338,13337,21900,21898,28904,28902,13330,13329,21282,21284,21786,21784,21778,21776,21782,21780,27366,27363,24857,24855,13336,13335,13332,13331,13334,13333,9794,9792,9793,13223,13221,13222,21913,6568,9761,9759,9760,9814,9813,13068,9758,9756,9757,9767,9765,9766,25344,22494,22496,22498,22500,22502,9788,9786,9787,9797,9795,9796,10069,10071,9752,9750,9751,9779,9777,9778,24207,24209,24211,24213,24215,24520,4315,4317,4319,4321,4323,4325,4327,4329,4331,4333,4335,4337,4339,4341,4343,4345,4347,4349,4351,4353,4355,4357,4359,4361,4363,4365,4367,4369,4371,4373,4375,4377,4379,4381,4383,4385,4387,4389,4391,4393,4395,4397,4399,4401,4403,4405,4407,4409,4411,4413,20211,20217,20214,9809,9807,9808,22396,22394,22388,22392,22390

// ElnockInquisitor
elnockinquisitor,10010,11259,11260,11262

// ToolLeprechaun
toolleprechaun,5341,952,5343,5329,7409,5325,22994,22997,6036,6468,6032,6034,21483,5331,5333,5334,5335,5336,5337,5338,5339,5340,13353

// FlamtaerBag
flamtaerbag,8837,3420,1941

// TreasureChest
treasurechest,23309,23291,23294,23288,23297,23285,23306,23303,23330,23332,23334,23318,23312,23315,23300,10366,23354,12245,2635,2633,12247,2637,11282,2597,2591,2593,3473,2595,2589,2583,2585,3472,2587,12213,12205,12207,12209,12211,12223,12215,12217,12219,12221,12243,12235,12237,12239,12241,12233,12225,12227,12229,12231,20181,20169,20172,20175,20178,20196,20184,20187,20190,20193,10306,10308,10310,10312,10314,7332,7338,7344,7350,7356,23366,23369,23372,23375,23378,12453,12449,12445,12455,12451,12447,20235,20220,20229,20226,20223,20232,7394,7390,7386,7396,7392,7388,10318,10322,10320,10324,10316,12375,23351,10280,10428,10410,10408,10430,10432,10414,10412,10434,10424,10406,10404,10426,10394,20208,20205,23360,2631,20164,23381,23384,12251,12249,20202,20199,10396,23357,10398,23363,7362,7366,7364,7368,10392,20166,12203,12193,12195,12197,12201,12199,12259,12253,12255,12261,12257,12263,12271,12265,12267,12273,12269,12275,10452,10458,10464,10446,10470,10440,10456,10460,10468,10450,10474,10444,2611,2607,2609,3475,2613,2603,2599,2601,3474,2605,10296,10298,10300,10302,10304,7334,7340,7346,7352,7358,23392,23395,23398,23401,23404,12377,10364,20272,23413,20249,10282,10402,10400,10420,10422,12349,12347,12343,12345,12317,12315,12339,12341,10418,10416,10436,10438,7370,7378,7372,7380,2647,12301,2649,12303,12307,12305,2645,12299,12598,20251,20254,20257,20260,20263,12359,20246,12361,12428,20269,23407,12281,12277,12279,12285,12283,12291,12287,12289,12295,12293,2577,23389,7327,7325,7323,7321,12309,12311,7319,12313,20243,20240,12319,2579,23410,10344,10342,10340,20577,10338,20576,10350,10352,10348,10346,23242,10334,10332,10330,10336,10362,10360,10358,10356,10354,11966,11964,12492,19921,12490,12494,12496,23197,12508,19930,12506,12510,12512,23200,12500,19924,12498,12502,12504,23203,10378,19927,10376,10380,10382,23188,10386,19933,10384,10388,10390,23191,10370,19936,10368,10372,10374,23194,7374,7382,7376,7384,12379,2643,12325,2639,2641,12323,12321,11280,10284,19915,22234,12524,12520,12518,12522,19918,7400,7398,7399,23206,12514,2651,12516,12327,12329,12331,12333,2581,20155,12468,12460,12462,12464,12466,12478,12470,12472,12474,12476,12488,12480,12482,12484,12486,3488,3481,3483,3485,3486,2675,2669,2671,3480,2673,2667,2661,2663,3479,2665,2659,2653,2655,3478,2657,2621,2615,2617,3476,2619,2629,2623,2625,3477,2627,20149,20161,20146,20158,20152,10286,10288,10290,10292,10294,7336,7342,7348,7354,7360,23209,23212,23215,23218,23221,23224,19912,12424,12437,12426,12422,12430,12381,12383,12385,12387,19988,12335,19991,12373,12540,22244,12418,22242,12415,12416,12417,23270,23273,12363,12365,12371,12369,12367,20000,23264,23267,23261,23258,23246,23252,19941,19997,12357,19943,19946,19949,19952,19955,12353,12351,12443,12441,12399,12412,12355,19994,23249,12596,23185,20005,12397,12439,12395,12393,23279,12391,23276,12389,23282,12337,12434,12432,19961,19958,19967,19970,19964,19976,19973,19982,19985,19979,23255,20011,23345,23339,23336,23342,20014,20101,20095,20107,20098,20104,20110,20059,19724,20008,20053,20113,20116,20119,20122,20125,20026,20023,20032,20020,20029,20083,20092,20086,20080,20089,20050,20017,20128,20140,20134,20137,20131,20047,20041,20044,20038,20035,22675

// ForestryKit
forestrykit,28134,28157,28161,28152,9807,10939,10941,10933,10940,28169,28173,28175,28171,28184,28179,28657,28653,28646,28665,6030,6026,6028,6024,6022,6020

// MagicWardrobe
magicwardrobe,24880,21018,21024,21021,24664,24668,24666,25404,25410,25413,25416,25407,24338,24340,24342,24344,24346,24348,20720,24878,24872,24874,24876,24288,24291,24294,25557,20595,20520,20517,20433,20439,20442,20436,8968,8966,8967,8969,8971,6106,6111,6109,6107,6110,6108,25644,6920,6924,6918,6916,6922,12459,12457,12458,12421,12419,12420,9096,9101,9102,9100,9099,9098,9104,9097,9068,9074,9073,9072,9070,9071,6665,6666,4097,4089,4093,4091,4095,4107,4099,4103,4101,4105,4117,4109,4113,4111,4115,23059,23047,23053,23050,23056,8956,8995,8963,8952,8991,8959,8955,8994,8962,8953,8992,8960,8958,8997,8965,8957,8996,8964,8954,8993,8961,23122,22842,22846,22844,20710,20704,20708,20706,6137,6141,6147,6153,6139,27023,27025,27029,27031,27027,3387,3393,3385,3389,3391,25389,25395,25398,25401,25392,6347,6359,6369,6379,6345,6355,6365,6375,6343,6353,6363,6373,6349,6357,6367,6377,6341,6351,6361,6371,20712,25440,25438,25436,25434,27428,27430,27432,27434,27436,27438,26850,26852,26854,26856

// SeedVault
seedvault,5318,5319,5324,5322,5320,5323,5321,22879,5096,5097,5098,5099,5100,22887,5291,5292,5293,5294,5295,5296,5297,5298,5299,5300,5301,5302,5303,5304,5305,5307,5308,5306,5309,5310,5311,5101,5102,5103,5104,5105,5106,5312,5313,5314,5315,5316,5283,5284,5285,5287,5288,5289,22877,21490,13657,5282,5281,22875,22885,22883,22881,21486,21488,5290,23661,5317,22869,22871,5280,22873,5370,5371,5372,5373,5374,5496,5497,5498,5499,5500,5502,22866,21477,21480,5503,5375,22856,22859

// PetHouse
pethouse,11995,12643,12644,12645,12703,12649,12650,12651,12652,12646,12653,12647,12648,12655,12816,12921,13071,13177,13178,27649,13179,13181,13225,13247,13262,13320,13321,13322,13323,19730,20659,20661,20665,20663,20693,20851,21273,21291,21509,21748,21992,22473,22746,23495,23757,23760,24491,25348,25602,26348,26901,27352,27590,28246,28248,28252,28250,28801,29836

// FancyDressBox
fancydressbox,25137,25135,25129,25133,25131,6188,6185,6184,6186,6187,6655,6656,6654,6182,6181,6180,3061,3060,3057,3059,3058,548,546,20590,7596,7595,7594,7593,7592

// MasterScrollBook
masterscrollbook,12402,12403,12404,12405,12406,12407,12408,12409,12410,12411,12642,12938,13249,21802,23387

// MysteriousStranger
mysteriousstranger,24721,24727,24723,24725,24731,24719

// NightmareZone
nightmarezone,11737,11736,11735,11734,11733,11732,11731,11730,11729,11728,11727,11726,11725,11724,11723,11722

// HuntsmansKit
huntsmanskit,10006,10150,10010,11259,10012,10008,10031,596,303,954,10025,10028,10027,10029,29305,10053,10055,10065,10067,10057,10059,10061,10063,10045,10043,10041,10051,10049,10047,10039,10037,10035,9950,9948,9949,29263,29265,29267,29269,21126,11260

// ToyBox
toybox,1037,1419,4079,4565,6867,6865,6866,4566,6856,6858,6860,6862,6857,6859,6861,6863,6722,9920,10507,7927,9925,9924,9923,9922,9921,11021,11020,11022,11019,12845,11847,11862,11863,11919,12956,12957,12958,12959,12892,12893,12894,12895,12896,12600,12887,12888,12889,12890,12891,13663,13664,13665,13182,13288,13343,13344,13203,13215,13216,13217,13218,13283,13284,13285,13287,13286,13679,13681,20836,13655,19699,20773,20775,4135,20779,20834,20832,21211,21209,21214,21354,21719,21314,21695,21841,21842,21843,21844,21845,21846,21859,22316,22713,22715,22717,22719,22689,22695,22692,22698,22701,22684,22351,22353,23108,23448,23446,24428,24325,24327,24315,24317,24319,24321,24323,24300,24301,24302,24303,24304,24525,25314,24537,24539,24535,25316,24975,24977,25322,25324,25326,25332,25334,25330,25328,25502,25840,25500,26312,26310,25336,25319,25604,26260,26314,25606,26254,26316,26318,26320,26322,26324,26256,26258,27558,26939,26937,27588,27566,27497,27499,27501,27503,27505,27507,27576,27572,27574,27578,27580,27584,27582,27583,27585,27586,27035,27141,27143,27145,27147,27149,27151,27153,27155,26649,27564,27568,27463,27465,27467,27469,27471,27473,27475,27477,27479,27481,27812,27820,27804,27822,27823,27824,27825,27826,27827,27818,27816,27814,27806,27808,27810,27802,27645,27828,795,27871,27873,27875,27877,29491,29493,29497,29501,29495,29499,29503,29505,29489,29507,29509,29510,29511,29512,29513,29514,29515,29516

// Bookcase
bookcase,8463,7681,9003,9004,5520,2167,2023,10562,2408,5,711,2886,4616,5009,4655,784,785,3845,3846,3847,729,730,3901,600,1493,1494,3230,4209,4313,3395,757,1856,292,4568,4686,6749,4707,6767,6649,6073,6075,6077,6079,6755,9078,7951,7162,7144,8989,7961,6891,11002,11001,10587,10173,10179,9903,10886,9717,9627,7634,7635,7633,10594,10999,11339,11677,11656,11904,12935,13279,19515,20886,20888,20890,20893,20895,20899,20897,21662,21629,21631,21756,22033,22037,25702,25704,22039,22041,22043,22045,22047,22049,22411,22504,22506,22508,22510,22512,22514,22591,22711,23009,23011,23013,23015,23017,23019,23021,23506,23504,23508,23796,24049,24051,24053,24055,24057,24059,24061,24063,24065,24067,24069,24071,24073,24075,24529,24263,24842,24761,25152,25197,25474,25476,25567,25569,26154,26876,27300,27302,27304,27306,27308,27310,27312,27511,28579

// FossilStorage
fossilstorage,21562,21570,21572,21574,21576,21578,21564,21580,21582,21584,21586,21588,21566,21600,21602,21604,21606,21608,21590,21592,21594,21596,21598

// SteelKeyRing
steelkeyring,6792,2887,605,983,4077,1590,6754,759,1542,1839,6104,85,1843

// TackleBox
tacklebox,13261,13258,13259,13260,25598,25592,25594,25596,7534,6666,25557,7535,22941,22943,22945,22947,6674,311,10129,21028,21031,25373,25059,23762,21649,307,309,1585,11323,22846,22844,23122,22842,303,305,21652,301,3157,3159,25588,314,3150,313,11940,13431,11334,22818,155,153,151,2438,22820

